0.000000 0.980198 -1.960396 
0.010000 0.960788 -1.921576 
0.020000 0.941763 -1.883525 
0.030000 0.923114 -1.846228 
0.040000 0.904834 -1.809669 
0.050000 0.886917 -1.773834 
0.060000 0.869354 -1.738708 
0.070000 0.852139 -1.704278 
0.080000 0.835265 -1.670530 
0.090000 0.818725 -1.637451 
0.100000 0.802513 -1.605026 
0.110000 0.786622 -1.573243 
0.120000 0.771045 -1.542090 
0.130000 0.755777 -1.511553 
0.140000 0.740811 -1.481622 
0.150000 0.726141 -1.452283 
0.160000 0.711762 -1.423525 
0.170000 0.697668 -1.395336 
0.180000 0.683853 -1.367705 
0.190000 0.670311 -1.340622 
0.200000 0.657038 -1.314075 
0.210000 0.644027 -1.288054 
0.220000 0.631274 -1.262548 
0.230000 0.618773 -1.237547 
0.240000 0.606521 -1.213041 
0.250000 0.594510 -1.189020 
0.260000 0.582738 -1.165476 
0.270000 0.571198 -1.142397 
0.280000 0.559888 -1.119775 
0.290000 0.548801 -1.097601 
0.300000 0.537933 -1.075867 
0.310000 0.527281 -1.054562 
0.320000 0.516840 -1.033680 
0.330000 0.506606 -1.013211 
0.340000 0.496574 -0.993147 
0.350000 0.486741 -0.973481 
0.360000 0.477102 -0.954204 
0.370000 0.467655 -0.935309 
0.380000 0.458394 -0.916788 
0.390000 0.449317 -0.898634 
0.400000 0.440420 -0.880839 
0.410000 0.431698 -0.863397 
0.420000 0.423150 -0.846300 
0.430000 0.414771 -0.829541 
0.440000 0.406557 -0.813115 
0.450000 0.398507 -0.797014 
0.460000 0.390616 -0.781231 
0.470000 0.382881 -0.765761 
0.480000 0.375299 -0.750598 
0.490000 0.367867 -0.735734 
0.500000 0.360583 -0.721165 
0.510000 0.353442 -0.706885 
0.520000 0.346444 -0.692887 
0.530000 0.339583 -0.679167 
0.540000 0.332859 -0.665718 
0.550000 0.326268 -0.652535 
0.560000 0.319807 -0.639614 
0.570000 0.313474 -0.626948 
0.580000 0.307267 -0.614533 
0.590000 0.301182 -0.602364 
0.600000 0.295218 -0.590436 
0.610000 0.289372 -0.578745 
0.620000 0.283642 -0.567284 
0.630000 0.278025 -0.556051 
0.640000 0.272520 -0.545040 
0.650000 0.267124 -0.534247 
0.660000 0.261834 -0.523668 
0.670000 0.256649 -0.513298 
0.680000 0.251567 -0.503134 
0.690000 0.246585 -0.493171 
0.700000 0.241703 -0.483405 
0.710000 0.236916 -0.473833 
0.720000 0.232225 -0.464450 
0.730000 0.227626 -0.455253 
0.740000 0.223119 -0.446238 
0.750000 0.218701 -0.437402 
0.760000 0.214370 -0.428740 
0.770000 0.210125 -0.420250 
0.780000 0.205964 -0.411928 
0.790000 0.201886 -0.403771 
0.800000 0.197888 -0.395776 
0.810000 0.193969 -0.387939 
0.820000 0.190128 -0.380257 
0.830000 0.186364 -0.372727 
0.840000 0.182673 -0.365346 
0.850000 0.179056 -0.358112 
0.860000 0.175510 -0.351020 
0.870000 0.172035 -0.344070 
0.880000 0.168628 -0.337256 
0.890000 0.165289 -0.330578 
0.900000 0.162016 -0.324032 
0.910000 0.158808 -0.317615 
0.920000 0.155663 -0.311326 
0.930000 0.152581 -0.305161 
0.940000 0.149559 -0.299118 
0.950000 0.146598 -0.293195 
0.960000 0.143695 -0.287389 
0.970000 0.140849 -0.281698 
0.980000 0.138060 -0.276120 
0.990000 0.135326 -0.270653 
1.000000 0.132647 -0.265293 
1.010000 0.130020 -0.260040 
1.020000 0.127445 -0.254890 
1.030000 0.124922 -0.249843 
1.040000 0.122448 -0.244896 
1.050000 0.120023 -0.240046 
1.060000 0.117646 -0.235293 
1.070000 0.115317 -0.230634 
1.080000 0.113033 -0.226067 
1.090000 0.110795 -0.221590 
1.100000 0.108601 -0.217202 
1.110000 0.106451 -0.212901 
1.120000 0.104343 -0.208685 
1.130000 0.102276 -0.204553 
1.140000 0.100251 -0.200502 
1.150000 0.098266 -0.196532 
1.160000 0.096320 -0.192640 
1.170000 0.094413 -0.188826 
1.180000 0.092543 -0.185086 
1.190000 0.090711 -0.181421 
1.200000 0.088914 -0.177829 
1.210000 0.087154 -0.174308 
1.220000 0.085428 -0.170856 
1.230000 0.083736 -0.167473 
1.240000 0.082078 -0.164156 
1.250000 0.080453 -0.160906 
1.260000 0.078860 -0.157719 
1.270000 0.077298 -0.154596 
1.280000 0.075767 -0.151535 
1.290000 0.074267 -0.148534 
1.300000 0.072797 -0.145593 
1.310000 0.071355 -0.142710 
1.320000 0.069942 -0.139884 
1.330000 0.068557 -0.137114 
1.340000 0.067199 -0.134399 
1.350000 0.065869 -0.131738 
1.360000 0.064564 -0.129129 
1.370000 0.063286 -0.126572 
1.380000 0.062033 -0.124066 
1.390000 0.060804 -0.121609 
1.400000 0.059600 -0.119201 
1.410000 0.058420 -0.116840 
1.420000 0.057263 -0.114527 
1.430000 0.056129 -0.112259 
1.440000 0.055018 -0.110036 
1.450000 0.053928 -0.107857 
1.460000 0.052861 -0.105721 
1.470000 0.051814 -0.103628 
1.480000 0.050788 -0.101576 
1.490000 0.049782 -0.099564 
1.500000 0.048796 -0.097593 
1.510000 0.047830 -0.095660 
1.520000 0.046883 -0.093766 
1.530000 0.045955 -0.091909 
1.540000 0.045045 -0.090089 
1.550000 0.044153 -0.088305 
1.560000 0.043278 -0.086557 
1.570000 0.042421 -0.084843 
1.580000 0.041581 -0.083162 
1.590000 0.040758 -0.081516 
1.600000 0.039951 -0.079902 
1.610000 0.039160 -0.078319 
1.620000 0.038384 -0.076768 
1.630000 0.037624 -0.075248 
1.640000 0.036879 -0.073758 
1.650000 0.036149 -0.072298 
1.660000 0.035433 -0.070866 
1.670000 0.034731 -0.069463 
1.680000 0.034044 -0.068087 
1.690000 0.033369 -0.066739 
1.700000 0.032709 -0.065417 
1.710000 0.032061 -0.064122 
1.720000 0.031426 -0.062852 
1.730000 0.030804 -0.061608 
1.740000 0.030194 -0.060388 
1.750000 0.029596 -0.059192 
1.760000 0.029010 -0.058020 
1.770000 0.028435 -0.056871 
1.780000 0.027872 -0.055745 
1.790000 0.027320 -0.054641 
1.800000 0.026779 -0.053559 
1.810000 0.026249 -0.052498 
1.820000 0.025729 -0.051459 
1.830000 0.025220 -0.050440 
1.840000 0.024720 -0.049441 
1.850000 0.024231 -0.048462 
1.860000 0.023751 -0.047502 
1.870000 0.023281 -0.046562 
1.880000 0.022820 -0.045640 
1.890000 0.022368 -0.044736 
1.900000 0.021925 -0.043850 
1.910000 0.021491 -0.042982 
1.920000 0.021065 -0.042131 
1.930000 0.020648 -0.041296 
1.940000 0.020239 -0.040479 
1.950000 0.019839 -0.039677 
1.960000 0.019446 -0.038891 
1.970000 0.019061 -0.038121 
1.980000 0.018683 -0.037366 
1.990000 0.018313 -0.036626 
2.000000 0.017951 -0.035901 
2.010000 0.017595 -0.035190 
2.020000 0.017247 -0.034493 
2.030000 0.016905 -0.033810 
2.040000 0.016570 -0.033141 
2.050000 0.016242 -0.032485 
2.060000 0.015921 -0.031841 
2.070000 0.015605 -0.031211 
2.080000 0.015296 -0.030593 
2.090000 0.014993 -0.029987 
2.100000 0.014697 -0.029393 
2.110000 0.014406 -0.028811 
2.120000 0.014120 -0.028241 
2.130000 0.013841 -0.027681 
2.140000 0.013567 -0.027133 
2.150000 0.013298 -0.026596 
2.160000 0.013035 -0.026069 
2.170000 0.012777 -0.025553 
2.180000 0.012524 -0.025047 
2.190000 0.012276 -0.024551 
2.200000 0.012032 -0.024065 
2.210000 0.011794 -0.023588 
2.220000 0.011561 -0.023121 
2.230000 0.011332 -0.022663 
2.240000 0.011107 -0.022215 
2.250000 0.010887 -0.021775 
2.260000 0.010672 -0.021344 
2.270000 0.010460 -0.020921 
2.280000 0.010253 -0.020507 
2.290000 0.010050 -0.020101 
2.300000 0.009851 -0.019703 
2.310000 0.009656 -0.019312 
2.320000 0.009465 -0.018930 
2.330000 0.009278 -0.018555 
2.340000 0.009094 -0.018188 
2.350000 0.008914 -0.017828 
2.360000 0.008737 -0.017475 
2.370000 0.008564 -0.017129 
2.380000 0.008395 -0.016789 
2.390000 0.008228 -0.016457 
2.400000 0.008065 -0.016131 
2.410000 0.007906 -0.015812 
2.420000 0.007749 -0.015498 
2.430000 0.007596 -0.015192 
2.440000 0.007445 -0.014891 
2.450000 0.007298 -0.014596 
2.460000 0.007153 -0.014307 
2.470000 0.007012 -0.014024 
2.480000 0.006873 -0.013746 
2.490000 0.006737 -0.013474 
2.500000 0.006603 -0.013207 
2.510000 0.006473 -0.012945 
2.520000 0.006344 -0.012689 
2.530000 0.006219 -0.012438 
2.540000 0.006096 -0.012191 
2.550000 0.005975 -0.011950 
2.560000 0.005857 -0.011713 
2.570000 0.005741 -0.011481 
2.580000 0.005627 -0.011254 
2.590000 0.005516 -0.011031 
2.600000 0.005406 -0.010813 
2.610000 0.005299 -0.010599 
2.620000 0.005194 -0.010389 
2.630000 0.005092 -0.010183 
2.640000 0.004991 -0.009981 
2.650000 0.004892 -0.009784 
2.660000 0.004795 -0.009590 
2.670000 0.004700 -0.009400 
2.680000 0.004607 -0.009214 
2.690000 0.004516 -0.009032 
2.700000 0.004426 -0.008853 
2.710000 0.004339 -0.008677 
2.720000 0.004253 -0.008506 
2.730000 0.004169 -0.008337 
2.740000 0.004086 -0.008172 
2.750000 0.004005 -0.008010 
2.760000 0.003926 -0.007852 
2.770000 0.003848 -0.007696 
2.780000 0.003772 -0.007544 
2.790000 0.003697 -0.007394 
2.800000 0.003624 -0.007248 
2.810000 0.003552 -0.007104 
2.820000 0.003482 -0.006964 
2.830000 0.003413 -0.006826 
2.840000 0.003345 -0.006691 
2.850000 0.003279 -0.006558 
2.860000 0.003214 -0.006428 
2.870000 0.003151 -0.006301 
2.880000 0.003088 -0.006176 
2.890000 0.003027 -0.006054 
2.900000 0.002967 -0.005934 
2.910000 0.002908 -0.005817 
2.920000 0.002851 -0.005701 
2.930000 0.002794 -0.005588 
2.940000 0.002739 -0.005478 
2.950000 0.002685 -0.005369 
2.960000 0.002632 -0.005263 
2.970000 0.002579 -0.005159 
2.980000 0.002528 -0.005057 
2.990000 0.002478 -0.004957 
3.000000 0.002429 -0.004858 
3.010000 0.002381 -0.004762 
3.020000 0.002334 -0.004668 
3.030000 0.002288 -0.004575 
3.040000 0.002242 -0.004485 
3.050000 0.002198 -0.004396 
3.060000 0.002154 -0.004309 
3.070000 0.002112 -0.004224 
3.080000 0.002070 -0.004140 
3.090000 0.002029 -0.004058 
3.100000 0.001989 -0.003978 
3.110000 0.001949 -0.003899 
3.120000 0.001911 -0.003822 
3.130000 0.001873 -0.003746 
3.140000 0.001836 -0.003672 
3.150000 0.001800 -0.003599 
3.160000 0.001764 -0.003528 
3.170000 0.001729 -0.003458 
3.180000 0.001695 -0.003390 
3.190000 0.001661 -0.003322 
3.200000 0.001628 -0.003257 
3.210000 0.001596 -0.003192 
3.220000 0.001564 -0.003129 
3.230000 0.001533 -0.003067 
3.240000 0.001503 -0.003006 
3.250000 0.001473 -0.002947 
3.260000 0.001444 -0.002888 
3.270000 0.001416 -0.002831 
3.280000 0.001388 -0.002775 
3.290000 0.001360 -0.002720 
3.300000 0.001333 -0.002666 
3.310000 0.001307 -0.002613 
3.320000 0.001281 -0.002562 
3.330000 0.001255 -0.002511 
3.340000 0.001231 -0.002461 
3.350000 0.001206 -0.002413 
3.360000 0.001182 -0.002365 
3.370000 0.001159 -0.002318 
3.380000 0.001136 -0.002272 
3.390000 0.001114 -0.002227 
3.400000 0.001091 -0.002183 
3.410000 0.001070 -0.002140 
3.420000 0.001049 -0.002097 
3.430000 0.001028 -0.002056 
3.440000 0.001008 -0.002015 
3.450000 0.000988 -0.001975 
3.460000 0.000968 -0.001936 
3.470000 0.000949 -0.001898 
3.480000 0.000930 -0.001860 
3.490000 0.000912 -0.001823 
3.500000 0.000894 -0.001787 
3.510000 0.000876 -0.001752 
3.520000 0.000859 -0.001717 
3.530000 0.000842 -0.001683 
3.540000 0.000825 -0.001650 
3.550000 0.000809 -0.001617 
3.560000 0.000793 -0.001585 
3.570000 0.000777 -0.001554 
3.580000 0.000761 -0.001523 
3.590000 0.000746 -0.001493 
3.600000 0.000732 -0.001463 
3.610000 0.000717 -0.001434 
3.620000 0.000703 -0.001406 
3.630000 0.000689 -0.001378 
3.640000 0.000675 -0.001351 
3.650000 0.000662 -0.001324 
3.660000 0.000649 -0.001298 
3.670000 0.000636 -0.001272 
3.680000 0.000623 -0.001247 
3.690000 0.000611 -0.001222 
3.700000 0.000599 -0.001198 
3.710000 0.000587 -0.001174 
3.720000 0.000576 -0.001151 
3.730000 0.000564 -0.001128 
3.740000 0.000553 -0.001106 
3.750000 0.000542 -0.001084 
3.760000 0.000531 -0.001063 
3.770000 0.000521 -0.001041 
3.780000 0.000510 -0.001021 
3.790000 0.000500 -0.001001 
3.800000 0.000490 -0.000981 
3.810000 0.000481 -0.000961 
3.820000 0.000471 -0.000942 
3.830000 0.000462 -0.000924 
3.840000 0.000453 -0.000905 
3.850000 0.000444 -0.000887 
3.860000 0.000435 -0.000870 
3.870000 0.000426 -0.000853 
3.880000 0.000418 -0.000836 
3.890000 0.000410 -0.000819 
3.900000 0.000402 -0.000803 
3.910000 0.000394 -0.000787 
3.920000 0.000386 -0.000772 
3.930000 0.000378 -0.000756 
3.940000 0.000371 -0.000741 
3.950000 0.000363 -0.000727 
3.960000 0.000356 -0.000712 
3.970000 0.000349 -0.000698 
3.980000 0.000342 -0.000684 
3.990000 0.000335 -0.000671 
4.000000 0.000329 -0.000657 
4.010000 0.000322 -0.000644 
4.020000 0.000316 -0.000632 
4.030000 0.000310 -0.000619 
4.040000 0.000303 -0.000607 
4.050000 0.000297 -0.000595 
4.060000 0.000292 -0.000583 
4.070000 0.000286 -0.000572 
4.080000 0.000280 -0.000560 
4.090000 0.000275 -0.000549 
4.100000 0.000269 -0.000538 
4.110000 0.000264 -0.000528 
4.120000 0.000259 -0.000517 
4.130000 0.000253 -0.000507 
4.140000 0.000248 -0.000497 
4.150000 0.000244 -0.000487 
4.160000 0.000239 -0.000477 
4.170000 0.000234 -0.000468 
4.180000 0.000229 -0.000459 
4.190000 0.000225 -0.000450 
4.200000 0.000220 -0.000441 
4.210000 0.000216 -0.000432 
4.220000 0.000212 -0.000423 
4.230000 0.000208 -0.000415 
4.240000 0.000203 -0.000407 
4.250000 0.000199 -0.000399 
4.260000 0.000195 -0.000391 
4.270000 0.000192 -0.000383 
4.280000 0.000188 -0.000376 
4.290000 0.000184 -0.000368 
4.300000 0.000180 -0.000361 
4.310000 0.000177 -0.000354 
4.320000 0.000173 -0.000347 
4.330000 0.000170 -0.000340 
4.340000 0.000167 -0.000333 
4.350000 0.000163 -0.000326 
4.360000 0.000160 -0.000320 
4.370000 0.000157 -0.000314 
4.380000 0.000154 -0.000307 
4.390000 0.000151 -0.000301 
4.400000 0.000148 -0.000295 
4.410000 0.000145 -0.000290 
4.420000 0.000142 -0.000284 
4.430000 0.000139 -0.000278 
4.440000 0.000136 -0.000273 
4.450000 0.000134 -0.000267 
4.460000 0.000131 -0.000262 
4.470000 0.000128 -0.000257 
4.480000 0.000126 -0.000252 
4.490000 0.000123 -0.000247 
4.500000 0.000121 -0.000242 
4.510000 0.000119 -0.000237 
4.520000 0.000116 -0.000232 
4.530000 0.000114 -0.000228 
4.540000 0.000112 -0.000223 
4.550000 0.000109 -0.000219 
4.560000 0.000107 -0.000215 
4.570000 0.000105 -0.000210 
4.580000 0.000103 -0.000206 
4.590000 0.000101 -0.000202 
4.600000 0.000099 -0.000198 
4.610000 0.000097 -0.000194 
4.620000 0.000095 -0.000190 
4.630000 0.000093 -0.000186 
4.640000 0.000091 -0.000183 
4.650000 0.000090 -0.000179 
4.660000 0.000088 -0.000176 
4.670000 0.000086 -0.000172 
4.680000 0.000084 -0.000169 
4.690000 0.000083 -0.000165 
4.700000 0.000081 -0.000162 
4.710000 0.000079 -0.000159 
4.720000 0.000078 -0.000156 
4.730000 0.000076 -0.000153 
4.740000 0.000075 -0.000150 
4.750000 0.000073 -0.000147 
4.760000 0.000072 -0.000144 
4.770000 0.000070 -0.000141 
4.780000 0.000069 -0.000138 
4.790000 0.000068 -0.000135 
4.800000 0.000066 -0.000133 
4.810000 0.000065 -0.000130 
4.820000 0.000064 -0.000128 
4.830000 0.000063 -0.000125 
4.840000 0.000061 -0.000123 
4.850000 0.000060 -0.000120 
4.860000 0.000059 -0.000118 
4.870000 0.000058 -0.000115 
4.880000 0.000057 -0.000113 
4.890000 0.000055 -0.000111 
4.900000 0.000054 -0.000109 
4.910000 0.000053 -0.000107 
4.920000 0.000052 -0.000104 
4.930000 0.000051 -0.000102 
4.940000 0.000050 -0.000100 
4.950000 0.000049 -0.000098 
4.960000 0.000048 -0.000096 
4.970000 0.000047 -0.000094 
4.980000 0.000046 -0.000093 
4.990000 0.000045 -0.000091 
5.000000 0.000044 -0.000089 
5.010000 0.000044 -0.000087 
5.020000 0.000043 -0.000085 
5.030000 0.000042 -0.000084 
5.040000 0.000041 -0.000082 
5.050000 0.000040 -0.000081 
5.060000 0.000039 -0.000079 
5.070000 0.000039 -0.000077 
5.080000 0.000038 -0.000076 
5.090000 0.000037 -0.000074 
5.100000 0.000036 -0.000073 
5.110000 0.000036 -0.000071 
5.120000 0.000035 -0.000070 
5.130000 0.000034 -0.000069 
5.140000 0.000034 -0.000067 
5.150000 0.000033 -0.000066 
5.160000 0.000032 -0.000065 
5.170000 0.000032 -0.000063 
5.180000 0.000031 -0.000062 
5.190000 0.000030 -0.000061 
5.200000 0.000030 -0.000060 
5.210000 0.000029 -0.000058 
5.220000 0.000029 -0.000057 
5.230000 0.000028 -0.000056 
5.240000 0.000028 -0.000055 
5.250000 0.000027 -0.000054 
5.260000 0.000026 -0.000053 
5.270000 0.000026 -0.000052 
5.280000 0.000025 -0.000051 
5.290000 0.000025 -0.000050 
5.300000 0.000024 -0.000049 
5.310000 0.000024 -0.000048 
5.320000 0.000023 -0.000047 
5.330000 0.000023 -0.000046 
5.340000 0.000023 -0.000045 
5.350000 0.000022 -0.000044 
5.360000 0.000022 -0.000043 
5.370000 0.000021 -0.000042 
5.380000 0.000021 -0.000042 
5.390000 0.000020 -0.000041 
5.400000 0.000020 -0.000040 
5.410000 0.000020 -0.000039 
5.420000 0.000019 -0.000038 
5.430000 0.000019 -0.000038 
5.440000 0.000018 -0.000037 
5.450000 0.000018 -0.000036 
5.460000 0.000018 -0.000035 
5.470000 0.000017 -0.000035 
5.480000 0.000017 -0.000034 
5.490000 0.000017 -0.000033 
5.500000 0.000016 -0.000033 
5.510000 0.000016 -0.000032 
5.520000 0.000016 -0.000031 
5.530000 0.000015 -0.000031 
5.540000 0.000015 -0.000030 
5.550000 0.000015 -0.000030 
5.560000 0.000015 -0.000029 
5.570000 0.000014 -0.000028 
5.580000 0.000014 -0.000028 
5.590000 0.000014 -0.000027 
5.600000 0.000013 -0.000027 
5.610000 0.000013 -0.000026 
5.620000 0.000013 -0.000026 
5.630000 0.000013 -0.000025 
5.640000 0.000012 -0.000025 
5.650000 0.000012 -0.000024 
5.660000 0.000012 -0.000024 
5.670000 0.000012 -0.000023 
5.680000 0.000011 -0.000023 
5.690000 0.000011 -0.000022 
5.700000 0.000011 -0.000022 
5.710000 0.000011 -0.000022 
5.720000 0.000011 -0.000021 
5.730000 0.000010 -0.000021 
5.740000 0.000010 -0.000020 
5.750000 0.000010 -0.000020 
5.760000 0.000010 -0.000019 
5.770000 0.000010 -0.000019 
5.780000 0.000009 -0.000019 
5.790000 0.000009 -0.000018 
5.800000 0.000009 -0.000018 
5.810000 0.000009 -0.000018 
5.820000 0.000009 -0.000017 
5.830000 0.000008 -0.000017 
5.840000 0.000008 -0.000017 
5.850000 0.000008 -0.000016 
5.860000 0.000008 -0.000016 
5.870000 0.000008 -0.000016 
5.880000 0.000008 -0.000015 
5.890000 0.000008 -0.000015 
5.900000 0.000007 -0.000015 
5.910000 0.000007 -0.000014 
5.920000 0.000007 -0.000014 
5.930000 0.000007 -0.000014 
5.940000 0.000007 -0.000014 
5.950000 0.000007 -0.000013 
5.960000 0.000007 -0.000013 
5.970000 0.000006 -0.000013 
5.980000 0.000006 -0.000013 
5.990000 0.000006 -0.000012 
6.000000 0.000006 -0.000012 
6.010000 0.000006 -0.000012 
6.020000 0.000006 -0.000012 
6.030000 0.000006 -0.000011 
6.040000 0.000006 -0.000011 
6.050000 0.000005 -0.000011 
6.060000 0.000005 -0.000011 
6.070000 0.000005 -0.000010 
6.080000 0.000005 -0.000010 
6.090000 0.000005 -0.000010 
6.100000 0.000005 -0.000010 
6.110000 0.000005 -0.000010 
6.120000 0.000005 -0.000009 
6.130000 0.000005 -0.000009 
6.140000 0.000005 -0.000009 
6.150000 0.000004 -0.000009 
6.160000 0.000004 -0.000009 
6.170000 0.000004 -0.000009 
6.180000 0.000004 -0.000008 
6.190000 0.000004 -0.000008 
6.200000 0.000004 -0.000008 
6.210000 0.000004 -0.000008 
6.220000 0.000004 -0.000008 
6.230000 0.000004 -0.000008 
6.240000 0.000004 -0.000007 
6.250000 0.000004 -0.000007 
6.260000 0.000004 -0.000007 
6.270000 0.000004 -0.000007 
6.280000 0.000003 -0.000007 
6.290000 0.000003 -0.000007 
6.300000 0.000003 -0.000007 
6.310000 0.000003 -0.000006 
6.320000 0.000003 -0.000006 
6.330000 0.000003 -0.000006 
6.340000 0.000003 -0.000006 
6.350000 0.000003 -0.000006 
6.360000 0.000003 -0.000006 
6.370000 0.000003 -0.000006 
6.380000 0.000003 -0.000006 
6.390000 0.000003 -0.000006 
6.400000 0.000003 -0.000005 
6.410000 0.000003 -0.000005 
6.420000 0.000003 -0.000005 
6.430000 0.000003 -0.000005 
6.440000 0.000002 -0.000005 
6.450000 0.000002 -0.000005 
6.460000 0.000002 -0.000005 
6.470000 0.000002 -0.000005 
6.480000 0.000002 -0.000005 
6.490000 0.000002 -0.000005 
6.500000 0.000002 -0.000004 
6.510000 0.000002 -0.000004 
6.520000 0.000002 -0.000004 
6.530000 0.000002 -0.000004 
6.540000 0.000002 -0.000004 
6.550000 0.000002 -0.000004 
6.560000 0.000002 -0.000004 
6.570000 0.000002 -0.000004 
6.580000 0.000002 -0.000004 
6.590000 0.000002 -0.000004 
6.600000 0.000002 -0.000004 
6.610000 0.000002 -0.000004 
6.620000 0.000002 -0.000003 
6.630000 0.000002 -0.000003 
6.640000 0.000002 -0.000003 
6.650000 0.000002 -0.000003 
6.660000 0.000002 -0.000003 
6.670000 0.000002 -0.000003 
6.680000 0.000002 -0.000003 
6.690000 0.000002 -0.000003 
6.700000 0.000001 -0.000003 
6.710000 0.000001 -0.000003 
6.720000 0.000001 -0.000003 
6.730000 0.000001 -0.000003 
6.740000 0.000001 -0.000003 
6.750000 0.000001 -0.000003 
6.760000 0.000001 -0.000003 
6.770000 0.000001 -0.000003 
6.780000 0.000001 -0.000003 
6.790000 0.000001 -0.000002 
6.800000 0.000001 -0.000002 
6.810000 0.000001 -0.000002 
6.820000 0.000001 -0.000002 
6.830000 0.000001 -0.000002 
6.840000 0.000001 -0.000002 
6.850000 0.000001 -0.000002 
6.860000 0.000001 -0.000002 
6.870000 0.000001 -0.000002 
6.880000 0.000001 -0.000002 
6.890000 0.000001 -0.000002 
6.900000 0.000001 -0.000002 
6.910000 0.000001 -0.000002 
6.920000 0.000001 -0.000002 
6.930000 0.000001 -0.000002 
6.940000 0.000001 -0.000002 
6.950000 0.000001 -0.000002 
6.960000 0.000001 -0.000002 
6.970000 0.000001 -0.000002 
6.980000 0.000001 -0.000002 
6.990000 0.000001 -0.000002 
7.000000 0.000001 -0.000002 
7.010000 0.000001 -0.000002 
7.020000 0.000001 -0.000002 
7.030000 0.000001 -0.000002 
7.040000 0.000001 -0.000002 
7.050000 0.000001 -0.000001 
7.060000 0.000001 -0.000001 
7.070000 0.000001 -0.000001 
7.080000 0.000001 -0.000001 
7.090000 0.000001 -0.000001 
7.100000 0.000001 -0.000001 
7.110000 0.000001 -0.000001 
7.120000 0.000001 -0.000001 
7.130000 0.000001 -0.000001 
7.140000 0.000001 -0.000001 
7.150000 0.000001 -0.000001 
7.160000 0.000001 -0.000001 
7.170000 0.000001 -0.000001 
7.180000 0.000001 -0.000001 
7.190000 0.000001 -0.000001 
7.200000 0.000001 -0.000001 
7.210000 0.000001 -0.000001 
7.220000 0.000001 -0.000001 
7.230000 0.000001 -0.000001 
7.240000 0.000001 -0.000001 
7.250000 0.000000 -0.000001 
7.260000 0.000000 -0.000001 
7.270000 0.000000 -0.000001 
7.280000 0.000000 -0.000001 
7.290000 0.000000 -0.000001 
7.300000 0.000000 -0.000001 
7.310000 0.000000 -0.000001 
7.320000 0.000000 -0.000001 
7.330000 0.000000 -0.000001 
7.340000 0.000000 -0.000001 
7.350000 0.000000 -0.000001 
7.360000 0.000000 -0.000001 
7.370000 0.000000 -0.000001 
7.380000 0.000000 -0.000001 
7.390000 0.000000 -0.000001 
7.400000 0.000000 -0.000001 
7.410000 0.000000 -0.000001 
7.420000 0.000000 -0.000001 
7.430000 0.000000 -0.000001 
7.440000 0.000000 -0.000001 
7.450000 0.000000 -0.000001 
7.460000 0.000000 -0.000001 
7.470000 0.000000 -0.000001 
7.480000 0.000000 -0.000001 
7.490000 0.000000 -0.000001 
7.500000 0.000000 -0.000001 
7.510000 0.000000 -0.000001 
7.520000 0.000000 -0.000001 
7.530000 0.000000 -0.000001 
7.540000 0.000000 -0.000001 
7.550000 0.000000 -0.000001 
7.560000 0.000000 -0.000001 
7.570000 0.000000 -0.000001 
7.580000 0.000000 -0.000001 
7.590000 0.000000 -0.000001 
7.600000 0.000000 -0.000000 
7.610000 0.000000 -0.000000 
7.620000 0.000000 -0.000000 
7.630000 0.000000 -0.000000 
7.640000 0.000000 -0.000000 
7.650000 0.000000 -0.000000 
7.660000 0.000000 -0.000000 
7.670000 0.000000 -0.000000 
7.680000 0.000000 -0.000000 
7.690000 0.000000 -0.000000 
7.700000 0.000000 -0.000000 
7.710000 0.000000 -0.000000 
7.720000 0.000000 -0.000000 
7.730000 0.000000 -0.000000 
7.740000 0.000000 -0.000000 
7.750000 0.000000 -0.000000 
7.760000 0.000000 -0.000000 
7.770000 0.000000 -0.000000 
7.780000 0.000000 -0.000000 
7.790000 0.000000 -0.000000 
7.800000 0.000000 -0.000000 
7.810000 0.000000 -0.000000 
7.820000 0.000000 -0.000000 
7.830000 0.000000 -0.000000 
7.840000 0.000000 -0.000000 
7.850000 0.000000 -0.000000 
7.860000 0.000000 -0.000000 
7.870000 0.000000 -0.000000 
7.880000 0.000000 -0.000000 
7.890000 0.000000 -0.000000 
7.900000 0.000000 -0.000000 
7.910000 0.000000 -0.000000 
7.920000 0.000000 -0.000000 
7.930000 0.000000 -0.000000 
7.940000 0.000000 -0.000000 
7.950000 0.000000 -0.000000 
7.960000 0.000000 -0.000000 
7.970000 0.000000 -0.000000 
7.980000 0.000000 -0.000000 
7.990000 0.000000 -0.000000 
8.000000 0.000000 -0.000000 
8.010000 0.000000 -0.000000 
8.020000 0.000000 -0.000000 
8.030000 0.000000 -0.000000 
8.040000 0.000000 -0.000000 
8.050000 0.000000 -0.000000 
8.060000 0.000000 -0.000000 
8.070000 0.000000 -0.000000 
8.080000 0.000000 -0.000000 
8.090000 0.000000 -0.000000 
8.100000 0.000000 -0.000000 
8.110000 0.000000 -0.000000 
8.120000 0.000000 -0.000000 
8.130000 0.000000 -0.000000 
8.140000 0.000000 -0.000000 
8.150000 0.000000 -0.000000 
8.160000 0.000000 -0.000000 
8.170000 0.000000 -0.000000 
8.180000 0.000000 -0.000000 
8.190000 0.000000 -0.000000 
8.200000 0.000000 -0.000000 
8.210000 0.000000 -0.000000 
8.220000 0.000000 -0.000000 
8.230000 0.000000 -0.000000 
8.240000 0.000000 -0.000000 
8.250000 0.000000 -0.000000 
8.260000 0.000000 -0.000000 
8.270000 0.000000 -0.000000 
8.280000 0.000000 -0.000000 
8.290000 0.000000 -0.000000 
8.300000 0.000000 -0.000000 
8.310000 0.000000 -0.000000 
8.320000 0.000000 -0.000000 
8.330000 0.000000 -0.000000 
8.340000 0.000000 -0.000000 
8.350000 0.000000 -0.000000 
8.360000 0.000000 -0.000000 
8.370000 0.000000 -0.000000 
8.380000 0.000000 -0.000000 
8.390000 0.000000 -0.000000 
8.400000 0.000000 -0.000000 
8.410000 0.000000 -0.000000 
8.420000 0.000000 -0.000000 
8.430000 0.000000 -0.000000 
8.440000 0.000000 -0.000000 
8.450000 0.000000 -0.000000 
8.460000 0.000000 -0.000000 
8.470000 0.000000 -0.000000 
8.480000 0.000000 -0.000000 
8.490000 0.000000 -0.000000 
8.500000 0.000000 -0.000000 
8.510000 0.000000 -0.000000 
8.520000 0.000000 -0.000000 
8.530000 0.000000 -0.000000 
8.540000 0.000000 -0.000000 
8.550000 0.000000 -0.000000 
8.560000 0.000000 -0.000000 
8.570000 0.000000 -0.000000 
8.580000 0.000000 -0.000000 
8.590000 0.000000 -0.000000 
8.600000 0.000000 -0.000000 
8.610000 0.000000 -0.000000 
8.620000 0.000000 -0.000000 
8.630000 0.000000 -0.000000 
8.640000 0.000000 -0.000000 
8.650000 0.000000 -0.000000 
8.660000 0.000000 -0.000000 
8.670000 0.000000 -0.000000 
8.680000 0.000000 -0.000000 
8.690000 0.000000 -0.000000 
8.700000 0.000000 -0.000000 
8.710000 0.000000 -0.000000 
8.720000 0.000000 -0.000000 
8.730000 0.000000 -0.000000 
8.740000 0.000000 -0.000000 
8.750000 0.000000 -0.000000 
8.760000 0.000000 -0.000000 
8.770000 0.000000 -0.000000 
8.780000 0.000000 -0.000000 
8.790000 0.000000 -0.000000 
8.800000 0.000000 -0.000000 
8.810000 0.000000 -0.000000 
8.820000 0.000000 -0.000000 
8.830000 0.000000 -0.000000 
8.840000 0.000000 -0.000000 
8.850000 0.000000 -0.000000 
8.860000 0.000000 -0.000000 
8.870000 0.000000 -0.000000 
8.880000 0.000000 -0.000000 
8.890000 0.000000 -0.000000 
8.900000 0.000000 -0.000000 
8.910000 0.000000 -0.000000 
8.920000 0.000000 -0.000000 
8.930000 0.000000 -0.000000 
8.940000 0.000000 -0.000000 
8.950000 0.000000 -0.000000 
8.960000 0.000000 -0.000000 
8.970000 0.000000 -0.000000 
8.980000 0.000000 -0.000000 
8.990000 0.000000 -0.000000 
9.000000 0.000000 -0.000000 
9.010000 0.000000 -0.000000 
9.020000 0.000000 -0.000000 
9.030000 0.000000 -0.000000 
9.040000 0.000000 -0.000000 
9.050000 0.000000 -0.000000 
9.060000 0.000000 -0.000000 
9.070000 0.000000 -0.000000 
9.080000 0.000000 -0.000000 
9.090000 0.000000 -0.000000 
9.100000 0.000000 -0.000000 
9.110000 0.000000 -0.000000 
9.120000 0.000000 -0.000000 
9.130000 0.000000 -0.000000 
9.140000 0.000000 -0.000000 
9.150000 0.000000 -0.000000 
9.160000 0.000000 -0.000000 
9.170000 0.000000 -0.000000 
9.180000 0.000000 -0.000000 
9.190000 0.000000 -0.000000 
9.200000 0.000000 -0.000000 
9.210000 0.000000 -0.000000 
9.220000 0.000000 -0.000000 
9.230000 0.000000 -0.000000 
9.240000 0.000000 -0.000000 
9.250000 0.000000 -0.000000 
9.260000 0.000000 -0.000000 
9.270000 0.000000 -0.000000 
9.280000 0.000000 -0.000000 
9.290000 0.000000 -0.000000 
9.300000 0.000000 -0.000000 
9.310000 0.000000 -0.000000 
9.320000 0.000000 -0.000000 
9.330000 0.000000 -0.000000 
9.340000 0.000000 -0.000000 
9.350000 0.000000 -0.000000 
9.360000 0.000000 -0.000000 
9.370000 0.000000 -0.000000 
9.380000 0.000000 -0.000000 
9.390000 0.000000 -0.000000 
9.400000 0.000000 -0.000000 
9.410000 0.000000 -0.000000 
9.420000 0.000000 -0.000000 
9.430000 0.000000 -0.000000 
9.440000 0.000000 -0.000000 
9.450000 0.000000 -0.000000 
9.460000 0.000000 -0.000000 
9.470000 0.000000 -0.000000 
9.480000 0.000000 -0.000000 
9.490000 0.000000 -0.000000 
9.500000 0.000000 -0.000000 
9.510000 0.000000 -0.000000 
9.520000 0.000000 -0.000000 
9.530000 0.000000 -0.000000 
9.540000 0.000000 -0.000000 
9.550000 0.000000 -0.000000 
9.560000 0.000000 -0.000000 
9.570000 0.000000 -0.000000 
9.580000 0.000000 -0.000000 
9.590000 0.000000 -0.000000 
9.600000 0.000000 -0.000000 
9.610000 0.000000 -0.000000 
9.620000 0.000000 -0.000000 
9.630000 0.000000 -0.000000 
9.640000 0.000000 -0.000000 
9.650000 0.000000 -0.000000 
9.660000 0.000000 -0.000000 
9.670000 0.000000 -0.000000 
9.680000 0.000000 -0.000000 
9.690000 0.000000 -0.000000 
9.700000 0.000000 -0.000000 
9.710000 0.000000 -0.000000 
9.720000 0.000000 -0.000000 
9.730000 0.000000 -0.000000 
9.740000 0.000000 -0.000000 
9.750000 0.000000 -0.000000 
9.760000 0.000000 -0.000000 
9.770000 0.000000 -0.000000 
9.780000 0.000000 -0.000000 
9.790000 0.000000 -0.000000 
9.800000 0.000000 -0.000000 
9.810000 0.000000 -0.000000 
9.820000 0.000000 -0.000000 
9.830000 0.000000 -0.000000 
9.840000 0.000000 -0.000000 
9.850000 0.000000 -0.000000 
9.860000 0.000000 -0.000000 
9.870000 0.000000 -0.000000 
9.880000 0.000000 -0.000000 
9.890000 0.000000 -0.000000 
9.900000 0.000000 -0.000000 
9.910000 0.000000 -0.000000 
9.920000 0.000000 -0.000000 
9.930000 0.000000 -0.000000 
9.940000 0.000000 -0.000000 
9.950000 0.000000 -0.000000 
9.960000 0.000000 -0.000000 
9.970000 0.000000 -0.000000 
9.980000 0.000000 -0.000000 
9.990000 0.000000 -0.000000 
10.000000 0.000000 -0.000000 
